0.3864624153901026 270822457946.48438
0.8413252582828683 271596034209.90625
1.2961881011756375 272369610473.32812
1.7510509440684068 273143186736.75
2.2059137869611725 273916763000.17188
2.6607766298539417 274690339263.59375
3.115639472746711 275463915527.0156
3.5705023156394766 276237491790.4375
4.025365158532246 277011068053.8594
4.480228001425015 277784644317.28125
4.922094763092275 278536118401.75
5.38995368721055 279331796844.125
5.844816530103319 280105373107.5469
6.299679372996085 280878949370.9844
6.754542215888854 281652525634.40625
7.209405058781623 282426101897.8281
7.664267901674389 283199678161.25
8.119130744567158 283973254424.6719
8.573993587459928 284746830688.09375
9.028856430352693 285520406951.5156
9.483719273245462 286293983214.9375
9.925586034912723 304771404821.28125
10.393444959030997 357478786720.53125
10.848307801923767 459543491680.3281
11.338614502704285 623824395191.8906
11.758033487709302 967546287689.0625
12.185821161382261 1546477344054.8281
12.537798361239762 2241342222674.5938
12.85548034675217 2901681655918.5
13.129842061512885 3557023540920.922
13.471153285617124 4237098657191.2656
13.739935874599215 4999771513878.078
13.986861417883862 5633894079184.922
14.183968649804061 6345729133596.1875
14.365372283576772 6991680662289.844
14.552190951193449 7680725300451.469
14.747132169576059 8429485728503.484
14.942073387958676 9217637151048.516
15.137014606341292 10015636322216.812
15.331955824723902 10823483242008.344
15.535019593872459 11619034289882.672
15.656857855361597 12318783355369.719
15.851799073744214 13064730140957.938
16.079230495190597 13857860693261.984
16.28066975418597 14647007941758.828
16.407742548390924 15370048800900.234
16.537703360646002 16034992854759.766
16.737895520937915 16779733588548.297
16.862605391283697 17527479325657.36
17.053936587103667 18298391048617.5
17.248877805486284 19185019957395.14
17.4438190238689 20082727583373.92
17.647621206723453 20930763910966.47
17.77233107706923 21665080899952.906
17.97016031350196 22431572187122.08
18.06113288208051 23173684420075.72
18.256074100463128 23930885775519.094
18.451015318845744 24768275941180.406
18.64595653722836 25610589981153.36
18.84089775561097 26418436900944.906
19.035838973993588 27216436072113.203
19.230780192376205 28014435243281.484
19.425721410758815 28802586665826.516
19.62066262914143 29551347093878.516
19.81560384752405 30285335898995.64
20.01054506590666 31009476955489.47
20.218482365514785 31754812773702.28
20.42208763804774 32452872031130.453
20.617028856430355 33117926595884.766
20.811970074812972 33753437914769.28
21.006911293195582 34379101485030.53
21.219180619878873 35018088985505.125
21.396793729960816 35664895745734.47
21.654549340933375 36352706959520.55
21.894976843605274 37110900106390.97
22.154898468115423 37764986464838.875
22.41482009262558 38380297313082.7
22.681961762261015 39000544314626.45
22.999643747773423 39598842931543.83
23.33636039770703 40209349318637.32
23.72942369351347 40783631934591.27
24.16929105806911 41286696350890.09
24.624153900961883 41803421613950.68
25.07901674385465 41981454665432.766
25.55824723904524 41864360478783.6
25.969248307801923 41509432638035.62
26.255884099275615 41035258630230.38
26.56634603966275 40449845583643.74
26.800997506234413 39631896740170.95
26.955325970787317 38930876404712.22
27.138895618097617 38161217752508.92
27.223370146063413 37471315602428.05
27.35333095831849 36832136374321.72
27.411091319320743 36133044453976.81
27.554770217313855 35285890036812.72
27.591592447452793 34424767042549.11
27.743213395083718 33483333939204.47
27.816316351977196 32523302773193.344
27.873174207338796 31936227458564.47
27.930032062700388 31227286254722.766
27.97425483909274 30422308013574.734
28.060895380596133 29614939974327.22
28.13309583184895 28795853175612.953
28.176416102600637 27965638543744.297
28.207359153137563 27261577141416.89
28.295546847167795 26503942863928.61
28.386519415746346 25582348308044.266
28.433630210188813 24763711227276.797
28.46612041325258 24049189223248.97
28.59445671535447 23229582409379.86
28.652939080869256 22419352839614.14
28.70979693623085 21717533668258.89
28.782899893124334 21052143624002.61
28.857163214412946 20393877585641.61
28.922143620540485 19748257151096.984
28.987124026668024 19108967412095.875
29.107801923762022 18457111005631.83
29.156537228357674 17746573314042.39
29.247045651178173 17083586881747.453
29.331623322645765 16406346298167.766
29.48324427027669 15633555889996.422
29.6032775204845 14911181472945.422
29.684503028143926 14257675296695.094
29.881068756679728 13478067901189.688
30.01752760954756 12792685646705.11
30.163733523334518 12175691480724.812
30.342429640185248 11527099092474.266
30.524374777342356 10811406857007.125
30.732312076950482 10081549931455.766
30.92725329533309 9461473300874.781
31.15004325919894 8951879498809.547
31.439876499228124 8324930143058.281
31.707018168863552 7719132441006.3125
31.974159838498988 7149032827713.656
32.2918418240114 6586774269380
32.628558473945006 6030188157136.078
32.85500534378339 5629053701993.781
33.55246170288564 4931542087444.172
33.81888136800855 4515435415348.891
34.20876380477378 4263503728530.953
34.538307292992 3918408199963.7812
34.931670822942635 3708581558736.7812
35.41090131813324 3413436559926
35.86576416102601 3129328836730.875
36.32062700391877 2883205286796.875
36.77548984681154 2668735214580.5156
37.230352689704304 2460595837907.6562
37.68521553259707 2271448547865.375
38.14007837548985 2107624039997.1875
38.594941218382615 1969122314303.0781
39.04980406127538 1824289893065.4531
39.50466690416815 1711110949545.4688
39.9465336658354 1596643764737.8125
40.41439258995368 1484753062505.4531
40.86925543284646 1396896901159.5469
41.324118275739224 1315371435357.1719
41.77898111863199 1221184578467.7344
42.233843961524755 1152320503752.3906
42.68870680441752 1083456429037.0781
43.14356964731029 1039915136495.8438
43.598432490203066 977381757324.0156
44.053295333095846 914848378152.2031
44.50815817598861 864976390067.4531
44.95002493765587 816348438912.4219
45.41788386177414 790555196072
45.87274670466691 740683207987.2344
46.327609547559675 703472610989.5156
46.782472390452455 685254100622.3594
47.23733523334522 641712808081.125
47.692198076237986 610832906626.9219
48.14706091913075 573622309629.2188
48.60192376202352 530081017087.9844
49.05678660491628 530854593351.40625
49.51164944780906 531628169614.8281
49.95351620947632 532379643699.2969
50.421375133594594 501521844424.0469
50.87623797648736 489634029600.4219
51.331100819380126 490407605863.84375
51.78596366227289 491181182127.2656
52.24082650516567 491954758390.6875
52.69568934805844 492728334654.1094
53.1505521909512 461848433199.9219
53.60541503384397 449960618376.2969
54.060277876736734 450734194639.71875
54.5151407196295 451507770903.15625
54.957007481296756 452259244987.6094
55.424866405415045 453054923430
55.87972924830781 409513630888.75
56.33459209120058 410287207152.1719
56.78945493409334 411060783415.59375
57.24431777698611 411834359679.0156
57.699180619878874 412607935942.4375
58.154043462771654 413381512205.8594
58.60890630566442 414155088469.28125
59.063769148557185 414928664732.7031
59.51863199144995 415702240996.125
59.96049875311721 416453715080.59375
60.42835767723548 417249393522.96875
60.88322052012826 418022969786.40625
61.33808336302103 418796546049.8281
61.79294620591379 419570122313.25
62.24780904880656 420343698576.6719
62.702671891699325 389463797122.4844
63.15753473459209 377575982298.8594
63.61239757748487 378349558562.28125
64.06726042037764 379123134825.7031
64.5221232632704 379896711089.125
64.96399002493766 380648185173.59375
65.43184894905593 381443863615.96875
65.8867117919487 382217439879.3906
66.34157463484148 382991016142.8125
66.79643747773424 383764592406.25
67.25130032062701 384538168669.6719
67.70616316351978 385311744933.09375
68.16102600641254 386085321196.5156
68.6158888493053 386858897459.9375
69.07075169219809 387632473723.3594
69.52561453509085 388406049986.78125
69.96748129675811 389157524071.25
70.43534022087638 389953202513.625
70.89020306376915 390726778777.0469
71.34506590666192 391500355040.46875
71.7999287495547 392273931303.8906
72.25479159244746 393047507567.3125
72.70965443534023 393821083830.75
73.16451727823299 394594660094.1719
73.61938012112576 395368236357.59375
74.07424296401852 396141812621.0156
74.5291058069113 396915388884.4375
74.97097256857856 397666862968.90625
75.43883149269683 398462541411.28125
75.8936943355896 399236117674.7031
76.34855717848237 400009693938.125
76.80342002137513 400783270201.5469
77.25828286426791 401556846464.96875
77.71314570716068 402330422728.3906
78.16800855005344 403103998991.8125
78.62287139294621 403877575255.2344
79.07773423583897 404651151518.6719
79.53259707873174 405424727782.09375
79.974463840399 406176201866.5625
80.44232276451729 406971880308.9375
80.89718560741005 407745456572.3594
81.35204845030282 408519032835.78125
81.80691129319558 409292609099.2031
82.26177413608835 410066185362.625
82.71663697898113 410839761626.0469
83.1714998218739 411613337889.46875
83.62636266476666 412386914152.8906
84.08122550765943 413160490416.3125
84.53608835055219 413934066679.7344
84.97795511221945 414685540764.2031
85.44581403633774 415481219206.59375
85.9006768792305 416254795470.0156
86.35553972212327 417028371733.4375
86.81040256501603 417801947996.8594
87.2652654079088 418575524260.28125
87.72012825080157 419349100523.7031
88.17499109369435 420122676787.125
88.62985393658711 420896253050.5469
89.08471677947988 421669829313.96875
89.53957962237264 422443405577.3906
89.9814463840399 423194879661.8594
90.44930530815817 423990558104.2344
90.90416815105095 424764134367.6719
91.35903099394372 425537710631.09375
91.81389383683648 426311286894.5156
92.26875667972925 427084863157.9375
92.72361952262202 427858439421.3594
93.17848236551478 428632015684.78125
93.63334520840756 429405591948.2031
94.08820805130033 430179168211.625
94.5430708941931 430952744475.0469
94.98493765586035 431704218559.5156
95.45279657997862 432499897001.8906
95.90765942287139 433273473265.3125
96.36252226576417 434047049528.7344
96.81738510865694 434820625792.15625
97.2722479515497 435594202055.59375
97.72711079444247 436367778319.0156
98.18197363733523 437141354582.4375
98.636836480228 437914930845.8594
99.059209120057 438633251661.8906
