0.2728998576174675 179665964001.92188
0.7273849074513556 179665964001.92188
1.1818699572852402 179665964001.92188
1.6363550071191284 179665964001.92188
2.0908400569530166 179665964001.92188
2.545325106786901 179665964001.92188
2.9998101566207893 179665964001.92188
3.4542952064546775 179665964001.9375
3.908780256288562 179665964001.9375
4.36326530612245 179665964001.9375
4.752823920265783 179665964001.9375
5.272235405790223 179665964001.9375
5.726720455624111 179665964001.9375
6.181205505457999 179665964001.9375
6.635690555291884 179665964001.9375
7.090175605125772 179665964001.9375
7.54466065495966 179665964001.9375
7.999145704793545 179665964001.9375
8.453630754627433 179665964001.9375
8.908115804461321 179665964001.9375
9.362600854295206 179665964001.9375
9.752159468438538 179665964001.9375
10.271570953962982 179665964001.9375
10.726056003796867 179665964001.9375
11.180541053630755 179665964001.9375
11.635026103464643 179665964001.9375
12.089511153298531 179665964001.9375
12.543996203132416 179665964001.9375
12.9984812529663 179665964001.9375
13.452966302800192 179665964001.9375
13.907451352634077 179665964001.9375
14.361936402467961 179665964001.9375
14.751495016611294 179665964001.9375
15.270906502135738 179665964001.9375
15.725391551969622 179665964001.9375
16.179876601803514 179665964001.9375
16.6343616516374 179665964001.9375
17.088846701471283 179665964001.9375
17.543331751305175 179665964001.9375
17.99781680113906 179665964001.9375
18.452301850972944 179665964001.9375
18.906786900806836 179665964001.9375
19.36127195064072 179665964001.9375
19.750830564784053 179665964001.9375
20.270242050308497 205017489402.09375
20.72472710014238 224031133452.23438
21.179212149976266 262058421552.48438
21.633697199810157 306423591002.78125
22.088182249644042 357126641803.1406
22.542667299477927 464870624753.875
22.99715234931182 635993421205.0156
23.451637399145703 832467743056.3438
23.906122448979588 1054293590307.8438
24.36060749881348 1320484607009.6562
24.750166112956812 1572732284741.3594
25.282562885619363 1909907572563.6406
25.731276696725196 2314123560888.5938
26.193530721769925 2688004390615.0312
26.63303274798291 3114105029071.7812
27.0875177978168 3627473418425.25
27.542002847650686 4166193333178.875
27.99648789748457 4727095832657.6875
28.450972947318462 5291167272811.5
28.905457997152347 5902772823090.625
29.35994304698623 6590432949570.281
29.814428096820123 7211545321874.484
30.268913146654008 7899205448354.156
30.708415172866992 8510079704631.344
31.127939834252125 9178969951728.172
31.552458836844217 9762542565266.734
31.97198349822935 10438258223048.234
32.396502500821434 11045719773983.062
32.750545799715226 11596302902545.812
33.565178343251425 12711119981040.516
33.98470300463656 13349295880056.375
34.42420503084955 13875827561444.516
34.878690080683434 14487433111723.688
35.33317513051732 15067349255252.578
35.78766018035121 15593393407306.172
36.242145230185095 16113099678009.703
36.69663028001898 16605016776639.922
37.15111532985287 17074729130120.734
37.600189843379205 17467293659802.156
38.043853820598 17892459867034.203
38.51457047935453 18261641455674.203
38.96905552918842 18515156709675.92
39.4235405790223 18698955268827.17
39.87802562885619 18800361370427.844
40.33251067869008 18730644675577.375
40.794209776934025 18394032754986.22
41.11162790697674 17934606778011.984
41.429046037019454 17344057077995.766
41.63103939250118 16514114716157.828
41.83393450403417 15774023025782.375
41.95567157095396 14975449975676.984
42.08552444233507 14275114086497.25
42.21537731371618 13589038430355.11
42.34523018509729 12840376195881.297
42.475083056478404 12139248071532.797
42.58870431893688 11470601589103.281
42.71855719031798 10816215339711.36
42.879069767441855 10147040700502.656
43.12434741338395 9389875141884.203
43.31912672045562 8663272255553.734
43.5220218319886 8098848710880.484
43.83132415757 7514707313118.203
44.10545799715234 6873877087724.969
44.43468093368425 6277860164806.8125
44.81243474133839 5706826658018.453
45.21697637910262 5148564942435.531
45.61752254390127 4798080103778.156
45.88011390602752 4384498135235.922
46.27688656858092 4167601751256.672
46.646606549596584 3828701151289.1094
47.08485999050782 3621135537075.203
47.539345040341715 3329592994973.2344
47.99383009017561 3069739859621.4844
48.448315140009484 2841576131019.9375
48.902800189843376 2632426046468.5156
49.35728523967727 2448627487317.2812
49.811770289511145 2347221385716.5938
50.26625533934504 2119057657115.0625
50.72074038917893 1985962148764.1719
51.175225439012806 1865542403113.3438
51.6297104888467 1732446894762.4531
52.08419553868059 1624702911811.7188
52.53868058851447 1529634691561.0781
52.99316563834836 1428228589960.4062
53.44765068818225 1339498251059.7969
53.90213573801613 1257105793509.2344
54.35662078785002 1187389098658.7656
54.746179401993345 1137953624128.4219
55.26559088751779 1047955708957.8125
55.72007593735168 984576895457.4062
56.17456098718557 927535963307
56.62904603701945 889508675206.75
57.08353108685334 832467743056.3594
57.53801613668723 800778336306.1562
57.99250118652111 718385878755.5938
58.446986236355 699372234705.4688
58.901471286188894 648669183905.1094
59.35595633602277 623317658504.9531
59.74551495016611 596698556834.7656
60.264926435690555 547263082304.4375
60.71941148552443 534587319604.34375
61.173896535358324 509235794204.1875
61.628381585192216 477546387453.96875
62.08286663502609 445856980703.75
62.537351684859985 401491811253.4531
62.99183673469388 376140285853.28125
63.446321784527754 357126641803.15625
63.900806834361646 357126641803.15625
64.35529188419554 357126641803.15625
64.74485049833886 357126641803.15625
65.2642619838633 331775116402.9844
65.7187470336972 312761472352.84375
66.17323208353108 312761472352.84375
66.62771713336497 312761472352.84375
67.08220218319886 312761472352.84375
67.53668723303274 312761472352.84375
67.99117228286663 312761472352.84375
68.44565733270052 281072065602.625
68.9001423825344 268396302902.54688
69.35462743236829 268396302902.54688
69.74418604651162 268396302902.54688
70.26359753203606 268396302902.54688
70.71808258186995 268396302902.54688
71.17256763170384 262058421552.5
71.62705268153772 224031133452.25
72.08153773137161 224031133452.25
72.5360227812055 224031133452.25
72.99050783103938 224031133452.25
73.44499288087327 224031133452.25
73.89947793070716 224031133452.25
74.35396298054104 224031133452.25
74.74352159468438 224031133452.25
75.26293308020882 224031133452.25
75.7174181300427 224031133452.25
76.1719031798766 224031133452.25
76.62638822971049 224031133452.25
77.08087327954436 224031133452.25
77.53535832937825 224031133452.25
77.98984337921215 224031133452.25
78.44432842904602 186003845352
78.89881347887992 179665964001.95312
79.35329852871381 179665964001.95312
79.74285714285713 179665964001.95312
80.26226862838158 179665964001.95312
80.71675367821547 179665964001.95312
81.17123872804935 179665964001.95312
81.62572377788324 179665964001.95312
82.08020882771713 179665964001.95312
82.534693877551 179665964001.95312
82.9891789273849 179665964001.95312
83.44366397721879 179665964001.95312
83.89814902705267 179665964001.95312
84.35263407688656 179665964001.95312
84.74219269102989 179665964001.95312
85.26160417655433 179665964001.95312
85.71608922638822 179665964001.95312
86.17057427622211 179665964001.95312
86.62505932605599 179665964001.95312
87.07954437588988 179665964001.95312
87.53402942572377 179665964001.95312
87.98851447555765 179665964001.95312
88.44299952539154 179665964001.95312
88.89748457522543 179665964001.95312
89.35196962505931 179665964001.95312
89.74152823920265 179665964001.95312
90.2609397247271 179665964001.95312
90.71542477456097 179665964001.95312
91.16990982439486 179665964001.95312
91.62439487422876 179665964001.95312
92.07887992406263 179665964001.95312
92.53336497389652 179665964001.95312
92.98785002373042 179665964001.95312
93.4423350735643 179665964001.95312
93.89682012339819 179665964001.95312
94.35130517323208 179665964001.95312
94.7408637873754 179665964001.95312
95.26027527289985 179665964001.95312
95.71476032273374 179665964001.95312
96.16924537256762 179665964001.96875
96.62373042240151 179665964001.96875
97.0782154722354 179665964001.96875
97.53270052206928 179665964001.96875
97.98718557190317 179665964001.96875
98.44167062173706 179665964001.96875
98.89615567157094 179665964001.96875
99.15586141433316 179665964001.96875
